LM=72
8.36 12.93
9.12 12.87
9.88 12.57
10.33 12.61
10.71 12.68
11.15 12.7
11.62 12.74
12.11 12.77
12.47 12.8
12.93 12.82
13.45 12.8
13.9 12.7
14.31 12.7
14.75 12.59
15.29 12.46
15.71 12.28
16.15 12.15
16.65 11.85
17.13 11.56
17.56 11.2
17.88 10.77
18.17 10.32
18.47 9.99
18.76 9.39
19.08 8.87
18.95 8.36
18.49 7.63
18.23 7.2
17.77 6.81
17.38 6.33
16.86 5.9
16.58 5.74
16.19 5.5
15.69 5.4
15.52 5.18
15.25 4.8
14.72 4.88
14.48 4.77
14.09 4.95
13.54 5.06
13.41 4.82
13.23 4.53
12.98 3.93
12.76 2.37
12.24 1.3
11.55 0.77
10.91 0.55
10.24 0.48
9.6 0.59
8.8 0.59
7.9 0.49
6.82 0.24
5.67 0.2
4.55 0.31
3.4 0.63
2.53 1.31
1.82 2.09
0.89 2.97
0.46 3.84
1.04 4.93
2.87 6.41
3.7 7.25
4.1 7.95
5.33 8.72
5.95 9.12
6.49 9.61
6.77 10.04
7.08 10.56
7.26 11.03
7.48 11.58
7.52 12.09
7.91 12.62

LM=72
9.65 11.28
10.06 11.39
10.38 11.54
10.59 11.7
11.05 11.77
11.43 11.87
11.73 11.82
12.09 11.88
12.55 11.85
12.8 11.8
13.17 11.73
13.5 11.8
13.99 11.74
14.3 11.76
14.72 11.58
15.12 11.43
15.51 11.36
15.94 11.05
16.3 10.95
16.75 10.55
17.15 10.25
17.41 9.87
17.71 9.51
17.97 9.08
18.19 8.46
18.26 8.08
18.29 7.49
18.1 7
17.77 6.81
17.38 6.33
17 6.05
16.33 5.74
15.84 5.57
15.39 5.47
15.04 5.28
14.62 5.33
14.24 5.18
13.95 5.25
13.64 5.33
13.3 5.43
13.1 5.58
12.83 5.64
12.57 5.44
12.39 5.23
12.05 4.2
11.67 3.61
11.28 3.52
10.9 3.55
10.6 3.64
10.22 3.88
9.79 3.9
9.15 3.86
8.64 3.88
8.04 3.93
7.51 4.1
7.03 4.46
6.52 4.85
6.28 5.3
5.98 5.83
5.85 6.36
6.25 6.99
6.94 7.55
7.37 7.92
7.54 8.4
7.94 8.8
8.25 9.06
8.43 9.38
8.83 9.69
9.03 9.89
9.17 10.28
9.22 10.73
9.39 11.05

LM=72
-3.4967 4.6879
-2.9462	4.7419
-2.4489	4.7722
-1.9680	4.8139
-1.5133	4.9228
-1.0488	4.9760
-0.5851	4.9931
-0.1837	   4.9562
0.2456	  4.9242
0.6700	  4.9200
1.0501	  4.8003
1.5162	  4.6815
1.9864	  4.6208
2.4706	  4.5626
2.9138	  4.4110
3.3152	  4.2520
3.7108	  3.9627
4.1630	  3.7193
4.5906	  3.4932
5.0379	  3.1556
5.4212	  2.8139
5.8422	  2.2994
6.1281	  1.8185
6.2656	  1.2827
6.4056	  0.7329
6.4269	  0.2053
6.4481	 -0.3222
5.6919	 -0.8792
4.9783	 -1.1486
4.2958	 -1.3910
3.9001	 -1.7121
3.5421	 -1.9619
3.1775	 -2.1339
2.9063	 -2.2248
2.4320	 -2.2223
2.0920	 -2.2894
1.3670	 -1.8428
1.1704	 -1.9493
1.1285	 -2.3229
0.9671	 -2.5883
0.8425	 -2.9405
0.7303	 -3.3624
0.5327	 -3.9932
0.2262	 -5.0238
-0.2712	  -5.6643
-0.8496	  -5.9674
-1.3534	  -6.0419
-1.9269	  -6.0065
-2.5143	  -5.9737
-3.1107	  -5.9712
-3.8029	  -5.9137
-4.5689	  -5.9267
-5.4602	  -5.8397
-6.3794	  -5.7577
-7.1600	  -5.3209
-7.6613	  -4.7990
-8.1282	  -4.2279
-8.9088	  -3.4250
-9.3700	  -2.8457
-9.5468	  -2.0871
-9.4877	  -1.2007
-8.4349	  -0.2899
-7.2674	   0.4186
-6.8659	   0.9920
-6.1441	   1.3778
-5.4895	   1.7373
-5.0429	   2.0961
-4.7766	   2.4590
-4.5226	   2.8915
-4.2440	   3.3068
-4.0891	   3.7721
-3.8547	   4.3160